Random Forest (25)
Accuracy: 0.6380597014925372
LogLoss:  0.6463035527701604

Random Forest (50)
Accuracy: 0.6568599311136624
LogLoss:  0.6392271758249406

Random Forest (75)
Accuracy: 0.6135189437428245
LogLoss:  0.646092936802742

Random Forest (100)
Accuracy: 0.6451097876004592
LogLoss:  0.6423020373212103
